1 3 3 3 3 3 3 3 3 3 3 3 3 3 3 3 3 3 3 3 3 3 3 3 3 3 3 3 3 3 3 3 3 3 3 3 3 3 3 3 3 3 3 3 3 3 3 3 3 3 3 3 3 3 3 3 3 3 3 3 3 3 3 3 3 3 3 3 3 3 3 3 3 3 3 3 3 3 3 3 3 3 3 3 3 3 3 3 3 3 3 3 0 0 0 0 0 0 0 0 
1 11 15 15 15 15 15 8 8 8 8 9 10 11 15 15 15 15 15 15 15 15 15 15 15 15 15 15 15 15 15 15 15 15 15 15 15 15 15 15 15 15 15 15 15 15 15 15 15 15 15 15 15 15 15 15 15 15 15 15 15 15 15 15 15 15 15 15 15 15 15 15 15 15 15 15 15 7 0 1 10 11 15 15 8 8 8 8 8 7 0 0 0 0 0 0 0 0 0 0 
1 11 23 8 8 8 8 7 0 0 0 0 1 8 9 10 11 28 29 35 35 35 35 35 35 35 35 35 35 35 35 35 35 35 35 35 35 35 35 35 35 35 35 35 35 35 35 35 35 35 35 35 35 35 35 35 35 35 35 35 35 35 35 35 35 35 35 35 35 35 24 23 8 9 10 11 8 6 0 0 1 10 11 8 7 0 0 0 0 0 0 0 0 0 0 0 0 0 0 0 
1 11 8 7 0 0 0 0 0 0 0 0 0 0 0 1 10 11 28 29 55 63 63 63 63 63 63 63 63 63 63 63 63 63 63 63 63 63 63 63 63 63 63 63 63 63 63 63 63 63 63 63 63 63 63 63 63 63 63 63 63 63 63 63 63 63 63 63 47 24 23 8 7 0 1 9 7 0 0 0 0 1 8 7 0 0 0 0 0 0 0 0 0 0 0 0 0 0 0 0 
1 8 7 0 0 0 0 0 0 0 0 0 0 0 0 0 1 10 11 29 54 55 89 99 99 99 99 99 99 99 99 99 99 99 99 99 99 99 99 99 99 99 99 99 99 99 99 99 99 99 99 80 80 80 79 48 48 48 49 50 51 52 53 54 55 87 80 77 46 23 8 7 0 0 0 0 1 0 0 0 0 0 0 0 0 0 0 0 0 0 0 0 0 0 0 0 0 0 0 0 
1 7 0 0 0 0 0 0 0 0 0 0 0 0 0 0 0 1 11 28 29 55 88 89 131 143 143 143 143 143 143 143 143 143 143 143 143 143 143 143 143 143 143 143 143 143 143 143 120 119 80 79 48 48 48 47 24 24 24 25 26 27 28 29 53 54 55 48 45 22 7 0 0 0 0 0 0 0 0 0 0 0 0 0 0 0 0 0 0 0 0 0 0 0 0 0 0 0 0 0 
1 0 0 0 0 0 0 0 0 0 0 0 0 0 0 0 0 1 10 11 29 54 55 89 130 131 181 195 195 195 195 195 195 195 195 195 195 195 195 195 195 195 195 195 195 195 168 166 119 80 79 48 47 24 24 24 23 8 8 8 9 10 11 27 28 29 53 47 24 21 6 0 0 0 0 0 0 0 0 0 0 0 0 0 0 0 0 0 0 0 0 0 0 2 3 3 3 3 0 0 
1 0 0 0 0 0 0 0 0 0 0 0 0 0 0 0 0 0 1 11 28 29 55 88 89 131 181 239 255 255 255 255 255 255 255 255 255 255 255 255 255 255 255 255 223 168 167 120 118 79 48 47 24 23 8 8 8 7 0 0 0 1 9 10 11 27 28 29 23 8 5 0 0 0 0 0 0 0 0 0 0 0 0 0 0 0 0 0 0 0 0 2 3 3 0 0 0 1 4 3 
0 0 0 0 0 0 0 2 3 3 3 3 3 0 0 0 0 0 1 10 11 29 54 55 89 131 181 239 306 323 323 323 323 323 323 323 323 323 323 323 323 323 323 285 222 167 120 119 80 78 47 24 23 8 7 0 0 0 0 0 0 0 0 1 9 10 11 24 22 7 0 0 0 0 0 0 0 0 0 0 0 0 0 0 0 0 0 0 0 0 2 3 7 0 0 0 0 0 0 1 
0 0 0 0 0 1 3 3 8 8 8 9 5 4 3 0 0 0 0 1 11 28 29 55 89 131 181 240 307 382 399 399 399 399 399 399 399 399 399 399 399 399 355 284 221 166 119 80 79 48 46 23 8 7 0 0 0 0 0 0 0 0 0 0 0 1 9 8 8 6 0 0 0 0 0 0 0 0 0 0 0 0 0 0 0 0 0 0 0 2 3 0 0 0 0 0 0 0 0 0 
0 0 0 0 0 1 11 8 7 0 0 0 1 11 5 4 0 0 0 1 10 11 29 55 89 131 182 241 308 383 466 483 483 483 483 483 483 483 483 483 483 433 354 283 220 165 118 79 48 47 24 22 7 0 0 0 0 0 0 0 0 0 0 0 0 0 0 1 0 0 0 0 0 0 0 0 0 0 0 0 0 0 0 0 0 0 0 0 1 3 0 0 0 0 0 0 0 0 0 0 
0 0 0 0 0 1 11 7 0 0 0 0 1 11 18 5 0 0 0 0 1 11 29 55 89 132 183 242 309 384 467 558 575 575 575 575 575 575 575 575 519 432 353 282 219 164 117 78 47 24 23 8 6 0 0 0 0 2 3 3 0 0 0 0 0 0 0 0 0 0 0 0 0 0 0 0 0 2 0 0 0 0 0 0 0 0 0 0 1 6 0 0 0 0 0 0 0 0 0 0 
0 0 0 0 0 1 11 6 0 0 0 0 1 11 19 5 0 0 0 0 1 11 29 55 90 133 184 243 310 385 468 551 636 637 638 639 640 641 642 613 518 431 352 281 218 163 116 77 46 23 8 7 0 0 0 0 2 3 14 5 4 3 0 0 0 0 0 0 0 0 0 0 0 0 0 2 3 3 0 0 0 0 0 0 0 0 0 0 2 5 0 0 0 0 0 0 0 0 0 0 
0 0 0 0 0 1 11 5 0 0 0 0 1 12 19 5 0 0 0 0 1 11 29 56 91 134 185 244 311 386 461 538 539 540 541 542 543 544 545 546 517 430 351 280 217 162 115 76 45 22 7 0 0 0 0 1 3 14 15 18 17 5 0 0 0 0 0 0 0 0 0 0 0 0 1 3 11 5 0 0 0 0 0 0 0 0 0 1 3 0 0 0 0 0 0 0 0 0 0 0 
0 0 0 0 0 1 11 5 0 0 0 0 2 13 8 5 0 0 0 0 1 11 30 57 92 135 186 245 312 379 448 449 450 451 452 453 454 455 456 457 458 429 350 279 216 161 114 75 44 21 6 0 0 0 0 1 11 15 29 35 19 5 4 0 0 0 0 0 0 0 0 0 0 0 0 1 11 5 4 0 0 0 0 0 0 0 0 0 1 0 0 0 0 0 0 0 0 0 0 0 
0 0 0 0 0 1 10 5 4 0 0 2 3 8 7 0 0 0 0 0 1 12 31 58 93 136 187 246 305 366 367 368 369 370 371 372 373 374 375 376 377 378 349 278 215 160 113 74 43 20 5 0 0 0 0 1 10 11 28 24 19 8 5 0 0 0 0 0 0 0 0 0 2 0 0 1 12 18 5 0 0 0 0 0 0 0 0 0 1 0 0 0 0 0 0 0 0 0 0 0 
0 0 0 0 0 0 1 9 5 4 3 3 8 7 0 0 0 0 0 0 2 13 32 59 94 137 188 239 292 293 294 295 296 297 298 299 300 301 302 303 304 305 348 277 214 159 112 73 42 19 5 0 0 0 0 0 1 10 11 23 8 7 0 0 0 0 0 0 0 1 0 2 0 0 0 2 13 19 5 4 0 0 0 0 0 0 0 0 1 0 0 0 0 0 0 0 0 0 0 0 
0 0 0 0 0 0 0 0 1 10 8 8 7 0 0 0 0 0 0 1 3 14 33 60 95 138 181 226 227 228 229 230 231 232 233 234 235 236 237 238 239 302 303 276 213 158 111 72 41 19 5 0 0 0 0 0 0 1 8 8 7 0 0 0 0 0 0 0 0 1 4 3 0 2 3 3 14 19 18 5 0 0 0 0 0 0 0 0 1 4 0 0 0 0 0 0 0 0 0 0 
1 0 0 0 0 0 0 0 0 1 7 0 0 0 0 0 0 0 0 2 13 15 34 61 96 131 168 169 170 171 172 173 174 175 176 177 178 179 180 181 236 237 238 239 212 157 110 71 41 19 5 0 0 0 0 0 0 0 0 0 0 0 0 0 0 0 0 0 0 2 10 5 4 3 14 15 15 23 8 5 0 0 0 0 0 0 0 0 0 1 0 0 0 0 0 0 0 0 0 0 
1 0 0 0 0 0 0 0 0 0 0 0 0 0 0 0 0 0 1 3 14 33 35 62 89 132 120 120 121 122 123 124 125 126 127 128 129 130 131 178 179 180 181 237 211 156 109 71 41 19 5 4 0 0 0 0 0 0 0 0 0 0 0 0 0 2 0 2 3 0 1 8 9 10 11 30 35 22 7 0 0 0 0 0 0 0 0 0 0 1 4 0 0 0 0 0 0 0 0 0 
1 0 0 0 0 0 0 0 0 0 0 0 0 0 0 0 0 0 2 13 15 29 54 55 90 120 119 80 80 81 82 83 84 85 86 87 88 89 128 129 130 131 179 180 181 155 109 71 41 19 18 5 4 0 0 0 0 0 0 0 0 0 0 0 2 3 4 3 6 0 2 7 0 1 12 31 44 21 6 0 0 0 0 0 0 0 0 0 0 0 1 4 0 0 0 0 0 0 0 0 
0 0 0 0 0 0 0 0 0 0 0 0 0 0 0 0 2 3 3 10 11 28 29 56 88 80 80 79 48 48 49 50 51 52 53 54 55 86 87 88 89 129 130 131 181 155 109 71 41 40 19 18 5 4 0 0 0 0 0 0 0 0 0 2 3 14 15 16 5 4 3 6 0 2 13 32 43 20 5 4 0 0 0 0 0 0 0 0 0 0 0 0 1 3 0 0 0 0 0 2 
0 0 0 0 0 0 0 0 0 0 0 0 0 0 0 2 3 0 0 1 10 11 30 54 55 79 48 48 47 24 24 25 26 27 28 29 52 53 54 55 87 88 89 131 177 155 109 71 70 41 40 19 18 5 4 3 0 0 0 0 2 3 3 3 14 15 34 19 18 17 16 5 4 3 14 33 42 19 18 5 0 0 0 0 0 0 0 0 0 0 0 0 0 1 4 3 3 3 3 3 
1 0 0 0 0 2 3 3 0 0 0 2 3 3 3 3 6 0 0 0 1 12 28 29 48 48 47 24 24 23 8 8 9 10 11 26 27 28 29 53 54 55 89 127 128 129 109 108 71 70 41 40 19 18 17 5 4 3 3 3 3 14 15 15 15 34 35 40 39 38 19 18 17 16 15 34 41 40 19 5 4 0 0 0 0 0 0 0 0 0 0 0 0 0 0 0 0 0 0 0 
1 0 0 0 0 1 12 5 4 3 3 3 14 15 15 15 5 0 0 0 2 10 11 24 24 24 24 23 8 8 7 0 0 1 8 9 10 11 27 28 29 55 85 86 87 88 89 109 108 71 70 41 40 39 19 18 17 16 15 15 15 15 34 35 35 35 62 63 68 41 40 39 38 37 36 35 62 41 19 18 5 4 0 0 0 0 0 0 0 0 0 0 0 0 0 0 0 0 0 0 
1 4 3 3 0 2 13 18 17 16 15 15 15 34 24 19 5 0 0 0 0 1 11 8 8 8 8 8 7 0 0 0 0 0 0 0 1 9 10 11 29 51 52 53 54 55 87 88 89 108 71 70 69 41 40 39 38 37 36 35 35 35 35 62 63 63 63 98 71 70 69 68 67 66 65 64 63 41 40 19 18 5 4 0 0 0 0 0 0 0 0 0 0 0 0 0 0 0 0 0 
1 11 16 5 4 3 14 33 38 37 24 24 24 24 23 8 5 0 0 0 0 1 8 7 0 0 0 0 0 0 0 0 0 0 0 0 0 0 1 11 25 26 27 28 29 53 54 55 89 109 108 107 71 70 69 68 67 66 65 64 63 63 63 63 98 99 99 99 108 107 106 105 80 80 81 80 71 70 41 40 19 18 5 4 0 0 0 0 0 0 0 0 0 0 0 0 0 0 0 0 
1 11 19 18 17 16 15 34 47 24 23 8 8 8 8 7 0 0 0 0 0 0 0 0 0 0 0 0 0 0 0 0 0 0 0 0 0 0 1 8 8 9 10 11 27 28 29 55 88 89 130 109 108 107 106 105 104 103 102 101 100 99 99 99 99 142 143 143 143 152 151 118 79 48 48 49 48 49 50 41 40 19 18 5 0 0 0 0 0 0 0 0 0 0 0 0 0 0 0 0 
1 11 29 39 38 37 36 35 24 23 8 7 0 0 0 0 0 0 0 0 0 0 0 0 0 0 0 0 0 0 0 0 0 0 0 0 0 0 0 0 0 0 1 9 10 11 29 54 55 88 89 131 153 152 151 150 149 148 147 146 145 144 143 143 143 143 194 195 195 195 164 117 78 47 24 24 25 24 25 26 27 28 19 5 4 0 0 0 0 0 0 0 0 0 0 0 0 0 0 0 
1 11 29 53 54 55 47 24 23 8 7 0 0 0 0 0 0 0 0 0 0 0 0 0 0 0 0 0 0 0 0 0 0 0 0 0 0 0 0 0 0 0 0 0 1 11 28 29 54 55 89 130 131 180 181 203 202 201 200 199 198 197 196 195 195 195 195 254 255 218 163 116 77 46 23 8 8 9 8 9 10 11 19 18 5 4 0 0 0 0 0 0 0 0 0 0 0 0 0 0 
1 11 27 28 29 48 46 23 8 7 0 0 0 0 0 0 0 0 0 0 0 0 0 0 0 0 0 0 0 0 0 0 0 0 0 0 0 0 0 0 0 0 0 0 1 10 11 28 29 55 88 89 130 131 181 238 239 262 261 260 259 258 257 256 255 255 255 255 280 217 162 115 76 45 22 7 0 0 1 0 1 11 29 19 18 5 4 3 0 0 0 0 0 0 0 0 0 0 0 0 
1 9 10 11 29 47 24 22 7 0 0 0 0 0 0 0 0 0 0 0 0 0 0 0 0 0 0 0 0 0 0 0 0 0 0 0 0 0 0 0 0 0 0 0 0 1 10 11 29 54 55 88 89 131 180 181 225 226 227 228 229 230 224 224 225 226 227 228 229 216 161 114 75 44 21 6 0 0 0 0 1 11 30 40 19 18 17 5 4 3 0 0 0 0 0 0 0 0 0 2 
0 0 1 11 29 46 23 8 6 0 0 0 0 0 0 0 0 0 0 0 0 0 0 0 0 0 0 0 0 0 0 0 0 0 0 0 0 0 0 0 0 0 0 0 0 0 1 11 28 29 54 55 89 130 131 181 168 169 170 171 172 173 174 168 168 169 170 171 172 173 160 113 74 43 20 5 0 0 0 0 1 12 31 41 40 39 19 18 17 5 4 3 3 0 0 0 0 2 3 3 
0 0 1 11 29 24 22 7 0 0 0 0 0 0 0 0 0 0 0 0 0 0 0 0 0 0 0 0 0 0 0 0 0 0 0 0 0 0 0 0 0 0 0 0 0 0 1 10 11 28 29 55 88 89 131 180 167 120 121 122 123 124 125 126 120 120 121 122 123 124 125 112 73 42 19 5 4 0 0 0 2 13 32 59 69 41 40 39 19 18 17 16 5 4 3 3 3 3 8 5 
0 0 1 11 30 23 8 6 0 0 0 0 0 0 0 0 0 0 0 0 0 0 0 0 0 0 0 0 0 0 0 0 0 0 0 0 0 0 0 0 0 0 0 0 0 0 0 1 10 11 29 54 55 89 130 131 166 119 80 81 82 83 84 85 86 80 80 81 82 83 84 85 72 41 19 18 5 4 3 3 3 14 33 49 50 51 52 41 40 39 38 19 18 17 16 15 15 8 7 0 
0 0 1 12 24 22 7 0 0 0 0 0 0 0 0 0 0 0 0 0 0 0 0 0 0 0 0 0 0 0 0 0 0 0 0 0 0 0 0 0 0 0 0 0 0 0 0 0 1 11 28 29 55 88 89 130 131 118 79 48 49 50 51 52 53 54 48 48 49 50 51 52 53 41 40 19 18 17 16 15 15 15 24 24 25 26 27 28 29 55 41 40 39 38 37 36 22 7 0 0 
0 0 2 13 23 8 6 0 0 0 0 0 0 0 0 0 0 0 0 0 0 0 0 0 0 0 0 0 0 0 0 0 0 0 0 0 0 0 0 0 0 0 0 0 0 0 0 0 1 10 11 29 54 55 88 89 120 117 78 47 24 25 26 27 28 29 47 24 24 25 26 27 28 29 41 40 39 38 37 36 24 23 8 8 8 9 10 11 29 55 70 69 68 67 48 44 21 6 0 0 
0 1 3 14 22 7 0 0 0 0 0 0 0 0 0 0 0 0 0 0 0 0 0 0 0 0 0 0 0 0 0 0 0 0 0 0 0 0 0 0 0 0 0 0 0 0 0 0 0 1 11 28 29 54 55 86 87 80 77 46 23 8 9 10 11 24 24 23 8 8 9 10 11 24 25 26 27 28 29 24 23 8 7 0 0 0 1 11 29 56 91 106 105 78 47 24 20 5 0 0 
0 1 11 15 8 6 0 0 0 0 0 0 0 0 0 0 0 0 0 0 0 0 0 0 0 0 0 0 0 0 0 0 0 0 0 0 0 0 0 0 0 0 0 0 0 0 0 0 0 1 10 11 28 29 52 53 54 55 48 45 22 7 0 1 8 8 8 8 7 0 0 1 8 8 8 9 10 11 28 23 8 7 0 0 0 0 1 11 30 57 92 135 116 77 46 23 8 5 0 0 
0 1 12 8 7 0 0 0 0 0 0 0 0 0 0 0 0 0 0 0 0 0 0 0 0 0 0 0 0 0 0 0 0 0 0 0 0 0 0 0 0 0 0 0 0 0 0 0 0 0 1 10 11 26 27 28 29 48 47 24 21 6 0 0 0 0 0 0 0 0 0 0 0 0 0 0 1 10 11 22 7 0 0 0 0 0 1 12 31 58 93 136 115 76 45 22 7 0 0 0 
0 2 13 7 0 0 0 0 0 0 0 0 0 0 0 0 0 0 0 0 0 0 0 0 0 0 0 0 0 0 0 0 0 0 0 0 0 0 0 0 0 0 0 0 0 0 0 0 0 0 0 1 8 9 10 11 29 47 24 23 8 5 0 0 0 0 0 0 0 0 0 0 0 0 0 0 0 1 10 11 6 0 0 0 0 0 2 13 32 59 94 137 114 75 44 21 6 0 0 0 
1 3 8 6 0 0 0 0 0 0 0 0 0 0 0 0 0 0 0 0 0 0 0 0 0 0 0 0 0 0 0 0 0 0 0 0 0 0 0 0 0 0 0 0 0 0 0 0 0 0 0 0 0 0 1 11 29 46 23 8 7 0 0 0 0 0 0 0 0 0 0 0 0 0 0 0 0 0 1 10 5 0 0 0 0 2 3 14 33 60 95 138 113 74 43 20 5 4 0 2 
1 11 7 0 0 0 0 0 0 0 0 0 0 0 0 0 0 0 0 0 0 0 0 0 2 3 3 3 3 3 3 0 0 0 0 0 0 0 0 0 0 0 0 0 0 0 0 0 0 0 0 0 0 0 1 11 29 45 22 7 0 0 0 0 0 0 0 0 0 0 0 0 0 0 0 0 0 0 0 1 5 4 3 3 3 3 14 15 34 61 96 139 112 73 42 19 18 5 4 3 
1 8 6 0 0 0 0 0 0 0 0 0 0 0 0 0 0 0 0 0 0 0 2 3 0 0 0 0 0 0 0 0 1 0 0 0 0 0 0 0 0 0 0 0 0 0 0 0 0 0 0 0 0 0 1 11 29 44 21 6 0 0 0 0 0 0 0 0 0 0 0 0 0 0 0 0 0 0 0 0 1 10 11 15 15 15 15 34 35 62 97 140 111 72 41 40 19 18 17 5 
1 7 0 0 0 0 0 0 0 0 0 0 0 0 0 0 0 0 0 0 0 2 0 0 0 0 0 0 0 0 0 0 0 1 0 0 0 0 0 0 0 0 0 0 0 0 0 0 0 0 0 0 0 0 1 11 28 24 20 5 0 0 0 0 0 0 0 0 0 0 2 3 3 3 3 3 0 0 0 0 0 1 11 28 29 35 35 35 62 63 98 141 110 71 70 41 40 39 19 5 
1 6 0 0 0 0 0 0 0 0 0 0 0 0 0 0 0 0 0 0 2 0 0 0 0 0 0 0 0 0 0 0 0 0 1 0 0 0 0 0 0 0 0 0 0 0 0 0 0 0 0 0 0 0 1 10 11 23 8 5 0 0 0 0 0 0 0 0 2 3 3 0 0 0 0 1 4 3 3 0 0 1 10 11 28 29 54 55 63 89 99 142 109 108 71 70 69 41 19 5 
1 0 0 0 0 0 0 0 0 0 0 0 0 0 0 0 0 0 1 3 0 0 0 0 0 0 0 0 0 0 0 0 0 0 0 1 0 0 0 0 0 0 0 0 0 0 0 0 0 0 0 0 0 0 0 1 11 22 7 0 0 0 0 0 0 0 0 1 3 0 0 0 0 0 0 0 0 1 5 4 0 0 1 10 11 28 29 54 55 89 131 143 154 109 108 107 71 41 19 5 
1 0 0 0 0 0 0 0 0 0 0 0 0 0 0 0 0 0 2 0 0 0 0 0 0 0 0 0 0 0 0 0 0 0 0 0 1 0 0 0 0 0 0 0 0 0 0 0 0 0 0 0 0 0 0 1 10 11 6 0 0 0 0 0 0 0 0 2 0 0 0 0 0 0 0 0 0 0 1 5 0 0 0 1 10 11 28 29 55 89 131 181 155 154 153 109 71 41 19 5 
0 0 0 0 0 0 0 0 0 0 0 0 0 0 0 0 0 1 0 0 0 0 0 0 0 0 0 0 0 0 0 0 0 0 0 0 0 1 0 0 0 0 0 0 0 0 0 0 0 0 0 0 0 0 0 0 1 8 5 0 0 0 0 0 0 0 1 3 0 0 0 0 0 0 0 0 0 0 0 1 4 0 0 0 1 10 11 29 55 89 131 180 181 207 155 109 71 41 19 5 
0 0 0 0 0 0 0 0 0 0 0 0 0 0 0 0 0 1 0 0 0 0 0 0 0 0 0 0 0 0 0 0 0 0 0 0 0 1 0 0 0 0 0 0 0 0 0 0 0 0 0 0 0 0 0 0 0 1 0 0 0 0 0 0 0 0 2 0 0 0 0 0 0 0 0 0 0 0 0 1 5 0 0 0 0 1 11 29 55 89 130 131 182 209 155 109 71 41 19 5 
0 0 0 0 0 0 0 0 0 0 0 0 0 0 0 0 0 2 0 0 0 0 0 0 0 0 0 0 0 0 0 0 0 0 0 0 0 0 1 0 0 0 0 0 0 0 0 0 0 0 0 0 0 0 0 0 0 1 0 0 0 0 0 0 0 1 3 0 0 0 0 0 0 0 0 0 0 0 0 1 5 0 0 0 0 1 11 29 55 88 89 132 183 209 155 109 71 41 19 5 
0 0 0 0 0 0 0 0 0 0 0 0 0 0 0 0 1 3 0 0 0 0 0 0 0 0 0 0 0 0 0 0 0 0 0 0 0 0 1 0 0 0 0 0 0 0 0 0 0 0 0 0 0 0 0 0 0 0 0 0 0 0 0 0 0 1 5 0 0 0 0 0 0 0 0 0 0 0 0 1 5 0 0 0 0 1 11 29 54 55 90 133 184 209 155 109 71 41 19 5 
0 0 0 0 0 0 0 0 0 0 0 0 0 0 0 0 1 0 0 0 0 0 0 0 0 0 0 0 0 0 0 0 0 0 0 0 0 0 1 0 0 0 0 0 0 0 0 0 0 0 0 0 0 0 0 0 0 0 0 0 0 0 0 0 0 1 5 0 0 0 0 0 0 0 0 0 0 0 0 1 0 0 0 0 0 1 11 28 29 56 91 134 185 209 155 109 71 41 19 5 
0 0 0 0 0 0 0 0 0 0 0 0 0 0 0 0 1 0 0 0 0 0 0 0 0 0 0 0 0 0 0 0 0 0 0 0 0 0 1 0 0 0 0 0 0 0 0 0 0 0 0 0 0 0 0 0 0 0 0 0 0 0 0 0 0 1 5 0 0 0 0 0 0 0 0 0 0 0 0 2 0 0 0 0 0 1 10 11 30 57 92 135 168 168 155 109 71 41 19 5 
0 0 0 0 0 0 0 0 0 0 0 0 0 0 0 0 1 0 0 0 0 0 0 0 0 0 0 0 0 0 0 0 0 0 0 0 0 0 1 0 0 0 0 0 0 0 0 0 0 0 0 0 0 0 0 0 0 2 0 0 0 0 0 0 0 0 1 4 0 0 0 0 0 0 0 0 0 0 1 3 0 0 0 0 0 0 1 12 31 58 93 136 167 120 120 109 71 41 19 5 
0 0 0 0 0 0 0 0 0 0 0 0 0 0 0 0 1 0 0 0 0 0 0 0 0 0 0 0 0 0 0 0 0 0 0 0 0 0 1 0 0 0 0 0 0 0 0 0 0 0 0 0 0 0 0 0 1 3 0 0 0 0 0 0 0 0 0 1 4 0 0 0 0 0 0 0 0 0 2 0 0 0 0 0 0 0 2 13 32 59 94 120 120 119 80 80 71 41 19 5 
0 0 0 0 0 0 0 0 0 0 0 0 0 0 0 0 1 0 0 0 0 0 0 0 0 0 0 0 0 0 0 0 0 0 0 0 0 0 1 0 0 0 0 0 0 0 0 0 0 0 0 0 0 0 0 0 1 5 0 0 0 0 0 0 0 0 0 0 1 4 0 0 0 0 0 0 0 2 0 0 0 0 0 0 0 1 3 14 33 60 95 119 80 80 79 48 48 41 19 5 
0 0 0 0 0 0 0 0 0 0 0 0 0 0 0 0 1 4 0 0 0 0 0 0 0 0 0 0 0 0 0 0 0 0 0 0 0 0 2 0 0 0 0 0 0 0 0 0 0 0 0 0 0 0 0 0 1 5 0 0 0 0 0 0 0 0 0 0 1 5 0 0 0 0 0 2 3 3 0 0 0 0 0 0 0 2 13 15 34 61 96 80 79 48 48 47 24 24 19 5 
0 0 0 0 0 0 0 0 0 0 0 0 0 0 0 0 0 1 0 0 0 0 0 0 0 0 0 0 0 0 0 0 0 0 0 0 0 1 0 0 0 0 0 0 0 0 0 0 0 0 0 0 0 0 0 0 1 5 4 0 0 0 0 0 0 0 0 0 0 0 1 3 3 3 3 3 0 0 0 0 0 0 0 0 1 3 14 33 35 62 80 79 48 47 24 24 23 8 8 5 
0 0 0 0 0 0 0 0 0 0 0 0 0 0 0 0 0 1 4 0 0 0 0 0 0 0 0 0 0 0 0 0 0 0 0 0 0 2 0 0 0 0 0 0 0 0 0 0 0 0 0 0 0 0 0 0 0 1 5 0 0 0 0 0 0 0 0 0 0 0 0 0 0 1 0 0 0 0 0 0 0 0 0 0 2 13 15 34 61 63 79 48 47 24 23 8 8 7 0 0 
0 0 0 0 0 0 0 0 0 0 0 0 0 0 0 0 0 0 1 0 0 0 0 0 0 0 0 0 0 0 0 0 0 0 0 0 1 0 0 0 0 0 0 0 0 0 0 0 0 0 0 0 0 0 0 0 0 0 0 0 0 0 0 0 0 0 0 0 0 0 0 0 0 0 0 0 0 0 0 0 0 0 0 2 3 14 33 35 62 97 78 47 24 23 8 7 0 0 0 0 
0 0 0 0 0 0 0 0 0 0 0 0 0 0 0 0 0 0 0 1 0 0 0 0 0 0 0 0 0 0 0 0 0 0 0 0 2 0 0 0 0 0 0 0 0 0 0 0 0 0 0 0 0 0 0 0 0 0 0 0 0 0 0 0 0 0 0 0 0 0 0 0 0 0 0 0 0 0 0 0 0 0 2 3 14 15 34 61 63 98 77 46 23 8 7 0 0 0 0 0 
0 0 0 0 0 0 0 0 0 0 0 0 0 0 0 0 0 0 0 0 1 0 0 0 0 0 0 0 0 0 0 0 0 0 0 2 0 0 0 0 0 0 0 0 0 0 0 0 0 0 0 0 0 0 0 0 2 0 0 0 0 0 0 0 0 0 0 0 0 0 0 0 0 0 0 0 0 0 0 0 2 3 3 14 15 34 35 62 97 99 76 45 22 7 0 0 0 0 0 0 
0 0 0 0 0 0 0 0 0 0 0 0 0 0 0 0 0 0 0 0 0 1 0 0 0 0 0 0 0 0 0 0 0 2 0 0 0 0 0 0 0 0 0 0 0 0 0 0 0 0 0 0 0 0 1 3 3 0 0 0 0 0 0 0 0 0 0 0 0 0 0 0 0 0 0 0 2 3 3 3 3 14 15 15 34 35 62 63 98 114 75 44 21 6 0 0 0 0 0 0 
0 0 0 0 0 0 0 0 0 0 0 0 0 0 0 0 0 0 0 0 0 0 0 0 1 3 0 0 0 0 0 2 3 0 0 0 0 0 0 0 0 0 0 0 0 0 0 0 0 0 0 0 0 0 1 12 5 4 0 0 0 0 0 0 0 0 0 0 0 0 0 0 0 0 0 2 3 14 15 15 15 15 34 35 35 62 63 98 99 113 74 43 20 5 4 0 0 0 0 0 
0 0 0 0 0 0 0 0 0 0 0 0 0 0 0 0 0 0 0 0 0 0 0 0 0 0 0 0 0 0 0 0 0 0 0 0 0 0 0 0 0 0 0 0 0 0 0 0 0 0 0 0 0 0 2 13 18 6 0 0 0 0 0 0 0 0 0 0 0 0 2 3 3 3 3 3 14 15 34 35 35 35 35 62 63 63 85 86 87 88 73 42 19 18 5 4 3 3 0 2 
0 0 0 0 0 0 0 0 0 0 0 0 0 0 0 0 0 0 0 0 0 0 0 0 0 0 0 0 0 0 0 0 0 0 0 0 0 0 0 0 0 0 0 0 0 0 0 0 0 0 0 0 0 1 3 14 20 5 0 0 0 0 0 0 0 0 0 0 2 3 3 14 15 15 15 15 15 34 35 62 63 63 48 49 50 51 52 53 54 55 72 41 40 19 18 17 16 5 4 3 
0 0 2 3 0 0 0 0 0 0 0 0 0 0 0 0 0 0 0 0 0 0 0 0 0 0 0 0 0 0 0 0 0 0 0 0 0 0 0 0 0 0 0 0 0 0 0 0 0 0 0 0 0 2 13 15 19 5 4 0 0 0 0 0 0 0 0 2 3 8 9 10 11 30 35 35 35 35 48 48 48 48 47 24 25 26 27 28 29 54 55 70 41 40 39 38 19 18 17 5 
0 1 3 5 4 0 0 0 0 0 0 0 0 0 0 0 0 0 0 0 0 0 0 0 0 0 0 0 0 0 0 0 0 0 0 0 0 0 0 0 0 0 0 0 0 0 0 0 0 0 0 2 3 3 14 33 19 18 5 4 0 0 0 2 3 0 2 3 14 7 0 1 12 31 58 63 63 63 47 24 24 24 24 23 8 9 10 11 28 29 55 71 70 69 68 41 40 39 19 5 
0 0 1 10 5 4 0 0 0 0 0 0 0 0 0 0 0 0 0 0 0 0 0 0 0 0 0 0 0 0 0 0 0 0 0 0 0 0 0 0 0 0 0 0 0 0 0 0 0 1 3 3 14 15 15 34 40 19 18 5 0 0 2 3 5 4 3 14 15 6 0 2 13 32 59 94 99 77 46 23 8 8 8 8 7 0 1 10 11 29 55 88 89 106 71 70 69 41 19 5 
0 0 0 1 10 5 0 0 0 0 0 0 0 0 0 0 0 0 0 0 0 0 0 0 0 0 0 0 0 0 0 0 0 0 0 0 0 0 0 0 0 0 0 0 0 0 0 0 0 2 13 15 15 34 35 35 41 40 19 5 4 3 3 14 15 17 8 9 10 5 4 3 14 33 60 95 115 76 45 22 7 0 0 0 0 0 0 1 11 29 54 55 87 88 89 107 71 41 19 5 
0 0 0 0 1 5 0 0 0 0 0 0 0 0 0 0 0 0 0 0 0 0 0 0 0 0 0 0 0 0 0 0 0 0 0 0 0 0 0 0 0 0 0 0 0 0 0 0 2 3 14 33 35 35 62 63 63 41 19 18 17 16 15 15 34 22 7 0 1 12 17 16 15 34 61 96 114 75 44 21 6 0 0 0 0 0 0 1 11 28 29 53 54 55 88 89 71 41 19 5 
0 0 0 0 0 0 0 0 0 0 0 0 0 0 0 0 0 0 0 0 0 0 0 0 0 0 0 0 0 0 0 0 0 0 0 0 0 0 0 0 0 0 0 0 0 0 0 2 3 14 15 34 61 63 63 98 71 41 40 39 38 37 36 35 35 21 6 0 2 13 32 37 36 35 62 97 113 74 43 20 5 0 0 0 0 0 0 1 10 11 27 28 29 54 55 89 71 41 19 5 
0 0 0 0 0 0 0 0 0 0 0 0 0 0 0 0 0 0 0 0 0 0 0 0 0 0 0 0 0 0 0 0 0 0 0 0 0 0 0 0 0 0 0 0 0 0 2 3 14 15 34 35 62 97 99 99 71 70 69 68 67 66 65 64 43 20 5 4 3 14 33 60 65 64 63 98 112 73 42 19 5 0 0 0 0 0 0 0 1 9 10 11 28 29 55 90 71 41 19 5 
1 0 0 0 0 0 0 0 0 0 0 0 0 0 0 0 0 0 0 0 0 0 0 0 0 0 0 0 0 0 0 0 0 0 0 0 0 0 0 0 0 0 0 0 0 2 3 14 15 28 29 56 63 98 141 109 108 107 106 105 104 103 102 73 42 19 18 17 16 15 34 61 96 101 100 99 111 72 41 19 5 0 0 0 0 0 0 0 0 0 1 10 11 29 56 91 71 41 19 5 
1 0 0 0 0 0 0 0 0 0 0 0 0 0 0 0 0 0 0 0 0 0 0 0 0 0 0 0 0 0 0 0 0 0 0 0 0 0 0 0 0 0 0 2 3 3 8 9 10 11 30 57 92 99 142 154 153 152 151 150 149 148 111 72 41 40 39 38 37 36 35 62 97 140 145 144 110 71 41 19 5 0 0 2 0 0 0 0 0 0 0 1 11 30 57 92 71 41 19 5 
1 0 0 0 0 0 0 0 0 0 0 0 0 0 0 0 0 0 0 0 0 0 0 0 0 0 0 0 0 0 0 0 0 0 0 0 0 0 0 0 0 0 2 3 14 15 7 0 1 12 31 58 93 136 143 194 206 205 204 203 202 157 110 71 70 69 68 67 66 65 64 63 98 141 192 156 109 71 41 19 5 4 3 3 4 0 0 0 0 0 0 1 12 31 58 93 71 41 19 5 
1 0 0 0 0 0 0 0 0 0 0 0 0 0 0 0 0 0 0 0 0 0 0 0 0 0 0 0 0 0 0 0 0 0 0 0 0 0 0 0 0 2 3 14 15 21 6 0 2 13 32 59 94 137 188 195 254 266 265 264 211 156 109 108 107 106 105 104 103 102 101 100 99 142 193 155 109 71 41 19 18 17 16 7 0 0 0 0 0 0 0 2 13 32 59 94 71 41 19 5 
1 4 3 3 3 3 0 0 0 0 0 0 0 0 0 0 0 0 0 0 0 0 0 0 0 0 0 0 0 0 0 0 0 0 0 0 0 0 0 0 2 3 14 8 9 10 5 4 3 14 33 60 95 138 189 248 255 322 334 273 210 155 154 153 152 151 150 149 148 147 146 145 144 143 171 155 109 71 41 40 39 38 21 6 0 2 3 3 3 3 3 3 14 33 60 95 71 41 19 5 
1 11 16 15 15 5 0 0 0 0 0 0 0 0 0 0 0 0 0 0 0 0 0 0 0 0 0 0 0 0 0 0 0 0 0 0 0 0 0 2 3 14 15 7 0 1 11 17 16 15 34 61 96 139 190 249 300 301 302 272 209 208 207 206 205 204 203 202 201 200 168 167 120 121 122 123 109 71 70 69 68 43 20 5 4 3 14 15 15 15 15 15 15 34 61 96 71 41 19 5 
1 11 29 36 19 5 4 0 0 0 0 0 0 0 0 0 0 0 0 0 2 3 3 3 3 3 3 0 0 0 0 0 0 0 0 0 0 2 3 3 14 15 21 6 0 1 12 31 37 36 35 62 97 140 191 234 235 236 237 238 239 269 268 267 266 265 264 224 223 168 167 120 119 80 81 82 83 84 79 48 48 42 19 18 17 16 15 34 35 35 35 35 35 35 62 97 71 41 19 5 
1 11 29 41 19 18 5 4 0 0 0 0 0 0 0 1 3 3 3 3 3 14 8 8 8 8 5 4 3 3 0 0 0 2 0 2 3 3 14 15 15 34 20 5 0 2 13 32 59 65 64 63 98 141 176 177 178 179 180 181 240 307 337 336 335 287 224 223 168 167 120 119 80 79 48 49 50 51 52 47 24 24 24 24 25 26 27 28 29 54 55 63 63 63 63 98 71 41 19 5 
1 11 29 41 40 19 18 5 4 0 0 0 0 0 0 0 1 11 15 15 15 15 7 0 0 0 0 1 10 5 4 3 3 3 4 3 14 15 15 34 35 35 19 5 4 3 14 33 60 95 101 100 99 126 127 128 129 130 131 182 241 308 383 413 357 286 223 168 167 120 119 80 79 48 47 24 25 26 27 28 23 8 8 8 8 9 10 11 28 29 55 88 89 99 99 99 71 41 19 5 
1 11 29 47 24 23 8 8 5 0 0 0 0 0 0 0 1 11 29 35 35 21 6 0 0 0 0 0 1 11 17 16 15 15 15 16 15 34 35 35 62 41 19 18 17 16 15 34 61 81 82 83 84 85 86 87 88 89 132 183 242 309 384 435 356 285 222 167 120 119 80 79 48 47 24 23 8 9 10 11 22 7 0 0 0 0 1 10 11 29 54 55 81 82 83 84 71 41 19 5 
1 11 29 46 23 8 7 0 0 0 0 0 0 0 0 0 1 11 29 55 43 20 5 0 0 0 0 0 1 11 28 29 36 35 35 35 36 35 62 63 63 41 40 39 38 37 36 35 62 48 49 50 51 52 53 54 55 90 133 184 243 310 385 434 355 284 221 166 119 80 79 48 47 24 23 8 7 0 1 11 21 6 0 0 0 0 0 1 11 28 29 48 48 49 50 51 52 41 19 5 
1 11 29 45 22 7 0 0 0 0 0 0 0 0 0 0 1 11 29 54 42 19 5 0 0 0 0 0 1 10 11 28 29 54 55 63 63 64 63 98 71 70 69 68 67 66 65 64 63 47 24 25 26 27 28 29 56 91 134 185 244 311 386 433 354 283 220 165 118 79 48 47 24 23 8 7 0 0 1 11 20 5 0 0 0 0 0 1 10 11 27 28 24 24 25 26 27 28 19 5 
1 11 29 44 21 6 0 0 0 0 0 0 0 0 0 0 1 11 28 29 41 19 5 0 0 0 0 0 0 1 10 11 28 29 55 90 99 99 100 99 108 107 106 105 104 103 102 101 77 46 23 8 9 10 11 30 57 92 135 186 245 312 387 360 353 282 219 164 117 78 47 24 23 8 7 0 0 0 1 12 19 5 4 3 0 0 0 0 1 9 10 11 23 8 8 9 10 11 19 5 
1 11 29 43 20 5 0 0 0 0 0 0 0 0 0 0 1 10 11 29 41 19 5 0 0 0 0 0 0 0 1 10 11 29 56 91 134 143 143 144 143 152 151 150 149 148 147 115 76 45 22 7 0 1 12 31 58 93 136 187 246 313 388 359 288 281 218 163 116 77 46 23 8 7 0 0 0 0 2 13 19 18 17 5 4 0 0 0 0 0 1 10 11 7 0 0 1 10 11 5 
1 11 29 42 19 5 0 0 0 0 0 0 0 0 0 0 0 1 11 28 29 19 5 0 0 0 2 0 0 0 0 1 11 30 57 92 135 186 195 195 196 195 204 203 202 201 161 114 75 44 21 6 0 2 13 32 59 94 137 188 247 314 389 358 287 224 217 162 115 76 45 22 7 0 0 0 0 1 3 14 29 39 19 18 5 4 0 0 0 0 0 1 12 6 0 0 0 1 11 5 
1 11 29 24 19 5 0 0 0 0 0 0 0 0 0 0 0 1 10 11 29 19 5 4 3 3 3 0 0 0 0 1 12 31 58 93 136 187 246 255 255 256 255 264 263 215 160 113 74 43 20 5 4 3 14 33 60 95 138 189 248 315 390 357 286 223 168 161 114 75 44 21 6 0 0 0 0 1 10 11 29 41 40 19 18 5 0 0 0 0 0 2 13 5 0 0 0 1 11 5 
1 11 24 23 8 5 0 0 0 0 0 0 0 0 0 0 0 0 1 11 29 19 18 17 16 15 5 0 0 0 0 2 13 32 59 94 137 188 247 314 323 323 324 323 277 214 159 112 73 42 19 18 17 16 15 34 61 96 139 190 249 316 360 356 285 222 167 120 113 74 43 20 5 0 0 0 0 0 1 11 28 29 24 23 8 5 0 0 0 0 1 3 14 5 0 0 0 1 12 5 
1 11 23 8 7 0 0 0 0 0 0 0 0 0 0 0 0 0 1 11 30 40 39 38 24 19 5 0 0 2 3 3 14 33 60 95 138 189 248 288 288 288 288 288 276 213 158 111 72 41 40 39 38 37 36 35 62 97 140 191 250 288 288 288 284 221 166 119 80 73 42 19 5 0 0 0 0 0 1 10 11 24 23 8 7 0 0 0 0 0 2 13 15 5 0 0 0 2 13 5 
1 11 22 7 0 0 0 0 0 0 0 0 0 0 0 0 0 0 1 12 31 58 68 46 23 8 5 0 0 1 11 15 15 34 61 96 139 190 224 224 224 224 224 224 224 212 157 110 71 70 69 68 67 66 65 64 63 98 141 192 224 224 224 224 224 220 165 118 79 48 41 19 5 0 0 0 0 0 0 1 9 8 8 7 0 0 0 0 0 1 3 14 19 5 4 3 3 3 14 5 
1 11 21 6 0 0 0 0 0 0 1 0 0 0 0 0 0 0 2 13 32 59 76 45 22 7 0 0 0 1 10 11 29 35 62 97 140 168 168 168 168 168 168 168 168 168 156 109 108 107 106 105 104 103 102 101 100 99 142 168 168 168 168 168 168 168 164 117 78 47 24 19 5 0 0 0 0 0 0 0 0 1 0 0 0 0 0 0 0 2 13 15 19 18 17 16 15 15 15 5 
1 11 20 5 4 0 0 0 0 0 0 0 0 0 0 0 0 2 3 14 33 60 75 44 21 6 0 0 0 0 1 11 30 57 63 98 120 120 120 120 120 120 120 120 120 120 120 120 120 120 120 120 120 120 120 120 120 120 120 120 120 120 120 120 120 120 120 116 77 46 23 8 5 0 0 0 0 0 0 0 0 0 0 0 0 0 0 0 1 3 14 33 35 39 38 37 36 35 19 5 
1 11 19 18 5 4 0 0 0 0 0 0 0 0 2 3 3 3 14 15 34 61 74 43 20 5 4 0 0 0 1 12 31 58 80 80 80 80 80 80 80 80 80 80 80 80 80 80 80 80 80 80 80 80 80 80 80 80 80 80 80 80 80 80 80 80 80 80 76 45 22 7 0 0 0 0 0 0 0 0 0 0 0 0 0 0 0 0 2 13 15 34 61 63 67 66 65 41 19 5 
1 11 29 19 18 5 4 3 3 3 3 3 3 3 3 14 15 15 15 34 35 48 48 42 19 18 5 4 0 0 2 13 32 48 48 48 48 48 48 48 48 48 48 48 48 48 48 48 48 48 48 48 48 48 48 48 48 48 48 48 48 48 48 48 48 48 48 48 48 44 21 6 0 0 0 0 0 0 0 0 0 0 0 0 0 0 0 2 3 14 33 35 48 48 48 48 48 41 19 5 
1 11 24 24 19 18 17 16 15 15 15 15 15 15 15 15 24 24 24 24 24 24 24 24 24 19 18 5 4 3 3 14 24 24 24 24 24 24 24 24 24 24 24 24 24 24 24 24 24 24 24 24 24 24 24 24 24 24 24 24 24 24 24 24 24 24 24 24 24 24 20 5 0 0 0 0 0 0 0 0 0 0 0 0 0 0 2 3 14 15 24 24 24 24 24 24 24 24 19 5 
1 8 8 8 8 8 8 8 8 8 8 8 8 8 8 8 8 8 8 8 8 8 8 8 8 8 8 8 8 8 8 8 8 8 8 8 8 8 8 8 8 8 8 8 8 8 8 8 8 8 8 8 8 8 8 8 8 8 8 8 8 8 8 8 8 8 8 8 8 8 8 5 0 0 0 0 2 0 0 0 0 0 2 3 3 3 3 8 8 8 8 8 8 8 8 8 8 8 8 5 
0 0 0 0 0 0 0 0 0 0 0 0 0 0 0 0 0 0 0 0 0 0 0 0 0 0 0 0 0 0 0 0 0 0 0 0 0 0 0 0 0 0 0 0 0 0 0 0 0 0 0 0 0 0 0 0 0 0 0 0 0 0 0 0 0 0 0 0 0 0 0 0 0 0 0 0 0 0 0 0 0 0 0 0 0 0 0 0 0 0 0 0 0 0 0 0 0 0 0 0 
value:642 x:12 y:38