35
3 
1 1 1
-1 2 3
1 -1 2
2 3 -1
3 
1 1 1
1 1 1
1 1 1
1 1 1
4
1 1 1
1 1 1
1 -1 1
-1 1 1
1 1 -1
5 
1 4 5
1 1 1
-1 4 5
1 -4 6
1 -1 -5
-1 -1 -1
6 
1 4 6
1 1 2
1 1 -1
1 1 -1
-1 4 6
1 -4 6
1 4 -6
7 
1 4 6
1 1 3
1 1 -1
1 1 -1
1 1 -1
-1 4 6
1 -4 6
1 4 -6
12
1 2 3
1 2 3
-1 2 3
-1 2 -12
1 -1 2
1 -1 3
1 1 12
-1 -1 3
0 0 0
1 1 -1 
1 1 -1
1 1 -1
1 1 0
2
1 1 1
0 0 0
-1 -1 -1
7
7 0 0
-1 0 0
-1 0 0
-1 0 0
-1 0 0
-1 0 0
-1 0 0
-1 0 0
1
1 0 0
-1 1 0

1 
1 -6 0
0 6 0

2
1 -6 0
-1 -6 0
-1 6 1

2
1 -6 0
-1 -6 0
1 1 1

1 
1 -7 0
0 7 0

1 
0 -6 1
0 6 0

1 
0 0 -6
0 6 0

1
1 1 1 
-1 -1 -1

2
1 1 1
-1 -1 -1 
-1 -1 -1

3
1 1 1
-1 -1 -1 
-1 -1 -1
-1 -1 -1

3
1 1 1
-1 -1 1 
-1 -1 1
-1 -1 1

4
1 1 1
-1 -1 1 
-1 -1 1
-1 -1 1
1 1  -1

5
1 1 1
-1 -1 1 
-1 -1 1
-1 -1 1
1 1  -1
-1 -1 -2

6
1 1 1
-1 -1 1 
-1 -1 1
-1 -1 1
-1 -1 1
1 1  -1
-1 -1 -2

7
1 1 1
0 0 1 
-1 0 1
-1 0 1
-1 -1 1
1 1  -1
-1 -1 -2
6 -1 7

1
0 0 0
0 0 0

2
0 0 0
0 0 1
0 0 -1

3
3 0 0
-1 0 0
-1 0 0
-1 0 0

6
9 9 9
-10 1 10
1 1 10
0 0 20
-1 1 10
0 20 -19
5 -9 9

3
-1 -1 -1
1 1 10
23 1 -10
2 2 1

25 1 0 0
1 0 0
-1 0 0
1 0 0
-1 0 0
1 0 0
-1 0 0
1 0 0
-1 0 0
-1 0 0
1 0 0
-1 0 0
1 0 0
-1 0 0
1 0 0
-1 0 0
1 0 0
-1 0 0
1 0 0
1 0 0
-1 0 0
1 0 0
1 0 0
-1 0 0
-1 0 0
1 0 0

6
1 1 1
2 3 3
0 1 0
6 6 6
0 0 -1
0 -2 0
3 0 0

10
1 0 1
2 3 1
6 6 6
-5 1 0
-2 -1 0
-1 2 3
0 0 0
0 0 -1
-1 -3 0
-5 0 0
0 0 0

10
1 0 1
2 3 1
6 6 6
-5 1 0
-2 -1 0
0 0 0
0 0 0
0 0 -1
-1 -3 0
-5 0 0
0 0 0

10
1 0 1
2 3 1
6 6 6
-5 1 0
-2 -1 0
-1 2 3
0 0 0
0 0 -1
0 -3 0
-5 0 0
0 0 0

10
1 0 1
2 3 1
6 6 6
-5 1 0
-2 -1 0
0 0 0
0 0 0
0 0 -1
0 -3 0
-5 0 0
0 0 0