100
5
816 1111271423 94
-27793 2123341137 -361892
1460 -48 1026020006
-3615420 -491359840 9849637
-2717777 512001 -47260165
9 -666038012 -6998
7
784143988 -6 33512016
-9 -2965 -278383710
-188068198 -233374 2348499
34 78 72828907
-419 461 -762653
825258 -11 -2952003
-3396 155491250 -72294196
56 1186 2116333225
1
68125744 463428 2036423440
-3 47303825 -92930
12
951222 82113 -575
-36 -5 87034
-24920 -5821683 -504549
1774579 55673849 6
-11 55540260 9223
1030473100 1 -2048
-2719162 -5666 745014562
-3324442 1959 -165
-94636 -3530891 1132411510
974 25 -110
-659 -3280 363
-5 -7 -8
2110341533 -141 -40485
16
-56807 -8 -412
631 40 91363
2001322203 243552689 805593287
-237837 -9 -43
96093 1 1182
-797645861 3565839 -8
4456 426826 696454
-11 2682551 756614
2800 -934343684 8024336
-738 1023181314 -351436392
-78014755 -81935 -870
608387 -345044051 9
-8358 -20154 7381033
2123162126 2114061214 6089360
-381214 40362 -4
-2878160 1020282027 945299838
-3983551 321486 290007
7
3 -69 940547
-54088152 164419557 -3076
-5199 -404 566
2102402215 -1905 860594
2034122227 -227 24250
93216383 4072726 -683944698
-48 2137172333 -801260546
-32012 -31573 9
8
68183036 172028 -42410373
60 18375 2
-6 -1300882 -113678955
-68272 -682 -9
-17908 7431 773951902
-57590 221 27953
-798 717330766 -10
1605 1221 2030421103
-7 -115668898 1027400123
9
394 2453 88
4159702 6796419 532816
68 -940755 26
37267 -959093 -1
2926658 918178 -511
-35 311257621 -3
506 -22538 45649
112 2134031035 -1
-8886 929051 -40
-57412183 1000130146 4704989
10
-17 -68597134 14768230
-3330081 75141 953
-465518 1554 -369801393
600 -6 5250525
1122400530 -66181856 306437052
59249 4 2111233233
-83859302 1015103525 647663
97 1142381304 -87
-5 -21 -61
258 9928 -715
-9406 75841 9
11
316645 -80487402 -560983
-8356 1110421033 2101320544
1133432217 -5288 -288395
360 -7720954 -7730602
-65129561 13638106 957579237
804 -733 -13850
37 810 -833030
127179503 -34 323028255
22490 -1232 -1
28 -1 -98532
-6805889 -740201210 2933
1130120247 -8772879 -42220023
6
-2 2037303231 410071
49 2110301517 -33070363
-10283556 -86168086 1001082014
-389897919 6301 -73832
59014073 83463834 -769331414
0 -461973 1045362006
1015073415 558 -682724
8
883 -5 -9170406
2023412616 59 -45272976
167734 92 4541
24358 5987 2114352102
-777 -5043 549
-86498 -92868 -30411
546 1046280412 5628
-63145612 3 2136452201
733 603 2047411103
2
21320927 -73 38
79967 -34 132978
8927568 -7351 196
13
-130 18403796 23091
2502 9401244 2736
3870344 11524413 -79
-49 -78 -28121231
-6520 29 -75167839
-65 57548175 70
98 -307864 70
9189118 -536942044 -197999606
5 -126897789 1091
-54271 133361 -1774
-1334 1020322445 32703609
-8277 -85 616988
-10157 8 2
5510 73315 -391
16
45406 2147002132 704064
9485 1135120635 233105893
45 712602 -8084
1 -151321942 -87
-3070986 442775 -361387944
333287696 -254681 -8015
-8620 -3 8210587
-69154007 -25343 -45
302443367 2915 -477
-194 -819167637 6481659
-59945 616204859 82
-5426 -50 -174
132809 -7444 -674878321
-7696 1123101122 -5944
-58 -21603104 38
5 72688919 -857446
-9052 -226 960
5
116878979 469466 -61532668
75 364499 -126971
-385370 -7 -7
-422 -909774475 -130498
-50881274 -4 -27
-5 972 83
5
55323 2459244 574433
30857425 60776175 -2
969295 9335694 -782852
3467 86910045 -48
-186981 -0 -6147
30 3 2604786
8
767 176789451 5105
96 -16962 74622965
-2 29 98241003
1937132 1114482525 974775391
2495 32491 -4993911
618 280757 57
11404 61585426 11284
360 1134050633 -8581151
-84 5 705
15
18 56685100 32664
2025113346 -956302 1087
-5724440 -38420650 -79461282
454899 -131 6
37 1127002535 -67
-5149887 9564744 -21987
42498 -4965 -87751
-27081 5 -96156
-74370 2032322126 -401
230 8268126 -87380
-1 5 -5
435769577 1213856 -284572389
-566852 2037152535 -2
82524927 362588661 2
-0 -8 -4
-7678645 -2752 25695066
11
1111240504 2115231035 104422865
83365536 54 -7673317
7569935 -9 2147172237
-9641 -14 29
-8 685231320 875
3227 8 -887
-509167865 672190 -674344460
-539 -294640929 854676401
-3586824 19868 -56679394
852957 49662 562649
11285 -1330 -44921
3428337 1023222444 1
5
-28844 2126060635 6591
-168541 -64 -9432
-50998980 -329 -92
7572854 -862932 968455086
894808572 673 1130340305
-87528 -614005 -420
17
-10 -1 -478960
-494209 -7 -14796
-40352 4264 -8770
1012073201 6987840 -74
183068539 1126070330 1136333511
811702568 491754 8563896
79 77560 -5
-57013 6142708 -15371173
2037223003 -535614 -99
18090002 -28848 -6
676921 46628 74216
-944396 -0 7
704995 1004471446 7411554
674084720 -1595 -94860262
-6 8256 -902391379
-1125 -5 -50561226
2141430432 209 571
-5 -337160 -939850835
11
36052 29 72
1030122633 629737 685
1522217 -931708046 909625
131610 6 -292969
-10925 308016 -703
-74521 1825 52151
2012400137 7984 -751723
-51026909 -8 5
80958127 -34 2114133440
49341407 -66660 1135142441
94130320 -4937 586
8 7 7375
13
43 13731591 643933007
-93 6192 647212670
-455308 34 70
1146271125 -859891153 7
4279 697 -584685859
1131471522 2103281512 -483573
86 2146273127 6379472
-179 -1153232 -1422
1031180316 244147591 1025310402
1 2042251303 115260430
-482722039 384 -8092
1142071335 75992 -1
-68153 38 -12
-101282 56926 357992
16
-47 50 -38878545
3 29659 -40779360
-22859793 -18493971 2314312
18092094 49 919846
774416754 -31364 6
45295897 -1893 432
-69664275 7356 -90382
2 -44192529 -1761502
-6755 39219716 4925165
974646638 2126143443 -708
-9908 75 -3169058
-4102 -2430222 2032170012
6888 356 -9
5135 60619462 -9137
8781651 4082 6471
2025363415 1043320646 -5
2113060436 -76342 -44396
7
-895 -7 -66
-9701 5711 9695
2001043425 804632 -151699112
2060 -7891 12494
-16114 -390067426 -331249552
-8317872 1040253524 826
54 -2619 -8
609821406 843426465 6083
8
384166710 31972513 50666
-8140 1473 -431263154
16249 -2132 170313610
436 2113163034 890
-90 5 -237639
-9455494 10250152 38483
1001341534 -7623 -169
1 -2 2136371511
10183118 221203 14311879
9
859 4590 5592
-8 31054 -887675
-25649255 529079 54
-4506 -994 -343
9737 1137300541 31620468
-11 -737219 58041
7853 -1 535
80200 1121000012 979
38775 -5748 -86
2147370544 9 3
10
1114023613 47 3847875
2 2131302215 4095487
-83589 33778 -936
-14009 5573 -10
2117470320 5 -552235379
-75906876 -3 9859
707493 78590405 -9
310453594 -41064 -1
787575502 785316 -38230125
-47017 2 -549541247
5 1040443322 35157437
14
-981871 -123891 -62688
1004200302 -0 1041280046
51 6 670279
279130183 -671906713 2036363324
-564198 182793 4673
-615 -346533948 8135568
4224693 -60 1001413235
85 7957638 -9180
-430977 -95 -9
-36874 -79259 69
-441012 9848 -5367188
642 -910870 2
66 -6041665 585
-76 341930808 2003373117
-627682 615162917 -649415808
5
-14818138 26863260 2137353031
2147442220 -162788050 151966955
701 -1096 1122483417
484 -8672686 -75
9015222 1115320313 -7
-5224562 76332 -67183
7
-460794186 1123162122 -478110003
2046470217 2141473044 7
-688528037 126608118 -2
417 740182976 -632545
-52537791 -20316 -242
-617378746 -773210915 647222741
9 -46025100 -499
-37027764 60016 85095
1
-3 1007362517 1043363627
-6223821 -6675788 845
1
-7 -79 -5786823
73693164 -89698182 4
1
-8606 -954842686 511036969
584978011 -3486006 733
7
-201 905 -5970
-33552652 1036213522 -573968
-9353061 -377365 -9
9447 65251 4434
-191470455 3655 -91666
698630013 -552 25298
-95653356 -298 5825971
-2 3349 -470103
8
2000332635 -34 1003252301
967970601 -1 -7061139
-74249 1033110403 -6282268
2 -31 3123
-1347 -791956 6737200
86 -707 3267248
-3730059 507 80751339
212755012 -5 72
-498528 1022353420 -920973062
9
-674890956 -411106 1030163036
927 487182756 387
716326062 7869 -2864
68046415 -27 -526134872
-73521796 -577 -56504
61638 77357405 196180
308428648 1037133043 -93
-2993280 1010230306 17715005
-23534642 -75560890 226095
-797579 51305 -91
1
-8 1033301132 -63860
130754 -6449978 -4851596
1
394622 1014118 620775
67990060 177821438 95
5
948653318 -87359 46
6753 450215 -5731
-3860 30502813 -60853
745 1257744 72892389
-720247570 -281 241507887
-538147 34408 -0
7
8490 -89577508 -4
-24268717 44105233 883022
-7347 -771382 -601
9899 344811 8282416
572262159 -4655731 1014413523
-575631 -410985784 -29952227
77918055 -604532820 -16612
-1 514751 1
1
-34274 -39 413593
11558910 2111113116 598551
12
9606 -73 -23633
-988592389 1022063616 9312932
-6018 -19 -5104177
3578684 260136873 -47086522
-98489 17079680 -8523
-336775326 3618 709
1026331133 100 24
-0 59764415 1353
941507 406337304 331259
-1 -25 2101373440
4867 -302515684 -34191006
25298 7870162 924
43 1034241041 45
13
-806999746 1122272233 -1
8485 -6208913 2134032427
-6811003 -13113 -82
-258204 -8430179 -42
707949949 877 1110220331
170 -59553 1044343122
-5766064 -2040235 -97619
-4436290 762 49869
-9739517 -93132520 -27
1117250106 -54726 -2665
-34 6 -86595142
110578 236893 -881024
450360 6 6383105
442600198 -1457079 -9619446
7
-3934 88926889 -312164930
-2 58668 -7998
-625769322 17 -7121799
867785500 -718175 384
93 1107012347 -74266903
-891 3104451 824523022
33 -579 1007350037
5417779 -12050 2034331145
8
793003 -61 -5328316
-830754107 -8 53
454 7331345 728599936
9684831 -903 790971
-54 -80 90236358
2867 -2 673
720 -4172433 -810
-33 -970 -679550278
-592 -768411 -88288227
9
95718476 -64927 61131024
-7997 -68859 9551284
4 -8204898 -1871509
753556020 9 -36257403
348 400489 1043161241
1003450301 -60454 4
9 8514 -18820
-979080 5195 85
-28301 46689067 4
-24 -569 -6986072
1
-3610665 2101180013 883
-20290114 27 -3294
1
-98337 553942470 -2
7 -202756907 -6
15
0 4344 80529748
-80 -855094155 -2185807
1125361322 816527138 44
1027460136 512067252 1111260132
85 -459548455 2126
-8799723 -36590 -5
351938542 4185148 -271297707
-160 -635434809 127684
76 1015461530 -1261
4 18675 -15013
718 2046032331 661
2122183601 87442343 -3358
2017041544 11 -0
-98 38 -5
-2 -7591114 2031442322
222818 -20 -9
7
138040 867373256 7176
7763383 17854 7
-2623577 55 8
22096 49424461 203036
55 4266390 4
-30087 -10178 -22
-285639 -48 -26
-417750 6117221 77
11
368110892 -91753 -7
8 261 2103063405
667124010 -22168554 1134483107
74883 2027210314 12444397
10087 -3342160 -834254159
-5 637 7
2034452142 -913082 1144072614
45066619 -14395 -17976
67210 332488 113480
977255352 -18409614 210725885
-241 36176 -600
-73494 9948 9831
1
-299398719 -281 4
48 -20216221 -73059
11
1013201347 -10417 9643
-76330 35588522 -744071
571075 1103070207 38100952
5973654 980750 4705302
2147122434 -681830 1487
-1871 9499 -14864491
-9962 795 -37
5580 1021042001 8375412
693586 -31271 -29769607
-403809 95651 72
1111432531 -5976376 -4558
-90985 -302682491 37
7
2005481014 9 2030171305
604492 74372 -6629
670195 489 93628
1972 2182812 -3060777
-6 565431612 439986
-553077234 -2606625 -84721744
39756352 60442 65
4295 804528 3941556
18
7194074 2787 -102708571
-4924731 34350701 356
56425 1522 -34004007
-38 219 -974
62550094 420 871405
27912 2911 -321
3 -21699 -3375832
-37677 24184549 87836
288773 -638181388 8503
-67265 1003370023 831
781624 55 -228042910
-656163867 -4999 -923123
-935187 -63 -74419
-178 2787 1045301613
4 -5426 261857695
8697245 -276111596 -6084
67 83244 1106353445
80 54550 6792334
1 -61115 -950505
9
818725 50 -908
7 -137 -690
-69 2011032317 385
-9088896 -42794193 79556
-123 -35279210 338753457
27198669 1043250413 -6
38940012 3559 -3
-675303 -15 159
5 5615 -42555855
828628 7 37371974
11
2046452235 48 21098775
29 -4 445186
-9417222 -421 176489705
-512 -7482 1027402235
9795323 -82181654 -38
-210 4570 -12876
1115151434 1113003345 -4990
-250508 1004371020 4158
784 -3627 -6
176704548 -6 2127372434
-8 -246647 -320696355
2034241134 767 -34
1
6323562 -39263 6483743
-2664441 7255 63724319
5
-80 -6 -69094
-386704634 -7991 889
184 468042 -30146485
-252 74417845 182773202
-787 -7 57737841
23683 75313905 -27547419
17
2025112627 2144233141 -64
-33219419 -77909 3459
36393 993 4
741 -93455 -878
2124860 343740 -4
-40484 76116 661
-9 2146063100 -282272
-50631080 98 -230872748
-276 -80149502 -16967
19667 -61447881 58
27555 941336235 -578100
-475 5 -161377863
-17 -73974688 5
-35 2014142220 1134453401
7 -25734142 -53
82959594 1040101617 -445079257
-5018715 4 8231
146305296 -503 -8539623
11
-80815937 686794480 -23870948
-8505039 1012010630 -790279
-97 -4 83555578
-337 -33154 -763
-5 -546307 6
-82 3152824 689911
7893536 1104343511 -44240
55 1103231114 23890852
28331 -499346 -4055
-53659884 28697 -95
1044102104 -599362919 553570566
-9813 -36663 973807
11
5082659 -9 193678
7710 -588630557 9153233
389883 9192650 -978
234493689 -17 2034241330
4 6 217777
-89615 462 -148634
-4752687 -6 -3308
166972575 2125363547 -58
-822360 -1073328 -7882236
-5 -159192 204
-7005115 -98030249 8708
964126978 103 -945188039
1
22787 -655670 -574419237
25881 -394619442 233121
17
7091 2014003220 -8
-76046 11 231153150
-15 2043030205 585845428
9591409 1037262343 105
-2999688 9760 -4521
-35 32597 -582
6022967 -99013472 839
869808116 -574233292 2131240240
-658459 861345374 -1862650
-405392154 3536950 6468861
281227 -4438752 99080
2131012615 -25646 40666029
-410 194264 98
-2651 568501701 -4
-386918780 793593 3335667
99406797 1124383102 -2960083
-69 4457 460837573
-19 -560499345 2730
8
-10631543 65 7
-780472 89099 4
-44 149665 -680638517
2022323124 -81964 -3404
5410 -284 -5893939
-608926696 1092263 993
-79 523673 262764
-18461664 11634 1296
5206739 898952798 9896012
19
-494907 2111081034 -973907
1 -60639 39
13791 -7614 -2134
-2489674 6 1123032525
9457075 799 7917046
1117020105 99236 -63802
-3217061 -31271403 19003
-1791938 -8355060 -834
84186 -863877 4
-6 -175681 2006352647
-0 9 -6544
-79 726 -50
759 5359624 28264
-81 -42465746 2033313447
6 25464367 -22
76842051 98 -3230
41634702 -68928067 -714870024
-848190875 657262003 -5293363
680 1137032130 6662417
-798393253 -5501 -13121
1
-293 -560 -1
-59658765 3609 2041122627
1
-5564 92308180 5401082
-82 5 -964
5
1136171603 641606 -14346
880 10 17073
-68 3232 2126441103
-583089 -292572 199071
283 1535296 -378
966135377 -638999 1134330226
7
5 1115171440 -42958
5223288 83963 -90
-38542 -61 48
113 -51702717 -8
2130120534 491763 120146912
378406 -1767 3374098
-1957 -4946 1110040206
-55525 2133203541 93488
1
101401286 1126201203 43045741
956356008 -948 -9133519
3
-652 57131 -49
7548213 -65059104 -8882
-80178126 1042222222 85
294677 -0 -3599329
1
-67324 443533182 866766594
-919218026 65257 -41125543
7
-383491728 -23807291 2141211144
-54984 -5427540 -4936429
2866 -0 -897574
506336 9547 -2264
963 13152147 1136471636
-9 17776778 287847081
-505542 37 95483214
52964292 2035381624 34
8
-307777 42861098 346121
11112112 95 942
46 3 -97
-972629 -4277657 -3251478
-6 382328894 20
-3756860 -770 44987276
4468 7009 2794
1017351421 6632 4
54226 29416508 1043103521
9
1010272232 -717 2121473104
99 791283 8366348
-20367189 -22347 -671350702
-143 -312867 -1158
4223 -980 -75
-6754 2101131523 -301
9 1134221204 6904776
2131150206 94487629 -3733
51 -78314 -5849
-7321 5432078 2114470225
1
-4724505 94 -1418
71 -304493 767952711
2
-10 198246 -5071719
93 1127112505 -566066
2030433632 145719137 9
5
30 31635 -4489618
5925 2117170321 -7
775263 -1038 2085041
10277964 54470714 -42
1582242 1007201205 -9659
514501 -989481 10794285
7
48863345 -787 390106
-88881630 41 -5
1116302116 344163 -43539091
-345 -117098 -87
23711384 -263744689 1133210042
2041473301 -55078 87641
-16 6487 1001253431
788902 -6 2180
1
26 -6 -17784
4 2 84520080
13
265720892 -8137329 -3
-540836149 1146182617 -659510
367 232091544 2156144
-6 -688 514198566
9 -8868260 -5568
-38750210 -586748368 -44478718
1032462030 -0 1
772105243 37552 37
112844 8839 299490
1047453432 -7354674 -1903897
42463 45994554 -424
-49715 -853534 1408193
290930 -921 8619634
10474129 -692359 -91420
11
328 -2171 433
-5268 9 114605
622145 9 9
44139 -705812 559561586
173 53652 2033311422
-8703 2 2141171513
829774 -55508595 -8073
2011080346 -6872055 -18
-993136239 80 -8639001
2114363006 -84704 -46
-51 -265971 -747792
378351 -55890 -726597
7
1141403334 2120310114 698416104
-925462 9888 -6785
-5641495 -173764 5075049
-7 1032350514 938681
5061 6436384 -15898293
38 40 2561341
-743 -16709 54135
43001070 457135260 -6887730
18
1 696988 15960214
7935 871015100 153796
-9 -83 570283570
-65699 51607 87769
-6605 7371487 93
-223482 2 -84876353
81243582 1022422443 263
182101928 8186094 -7
-84106784 45171394 -1299982
-86977 14933681 2126401602
-78 -663423 -27
88 3 7984
5597579 161482257 64281936
2326 -216457 4099
0 87400 9897795
5 -0 58
-47377137 -95398 2133183031
-969476 -2058 90787013
-17038 -90 -4
9
2123131216 39 4930713
-44679237 58634 800
672032321 599 -99
633397697 -6 494460866
5719965 -210442 1015463305
-742683624 -66236 -8813448
5947608 -43491 -2193399
6 -5913 -10719125
81464 -511015262 -770
483185 2035070421 5
1
66 64 7292476
6735 7330 587
12
-1135 5 9
-48750 362966 -1400927
89816071 787 -537244433
-7967308 1111363044 -945872
-5 -787 -139
-432343176 2014462241 41597
-3 -87013 0
-55 -3810024 1112053210
25369 -7 -497
-54 -2518586 6945
76824 -56413676 2
-444 -1 -453
2 524826546 794082519
5
-42 72640 2015162006
-867598742 71470413 1124261326
82 4436963 7723
1135421240 -4214918 1137241503
52213153 1006442142 -59
6833 -688 71207
17
-101 80103476 -976
2033351215 526401938 39820
5 -59 -5274643
0 630 2001150641
3019318 148 -891028048
262872842 -9 -85465138
967789 66 1687694
-7337471 -3862787 20
62780 -9857 391
3447 -665247550 -416310905
23741049 1392 -75688
-79 -1073 4534
-352811581 7645 2100003506
2036323636 -42254094 643109
-63133210 2050 -6366689
-84 -4557499 -459
3321 2037332034 1093752
3206 -609664182 -5031771
11
-835 -7954664 -7066921
-135 2120243206 -7
-627569 8027 -5977
-4797717 -8 33343
-930 -728582 2041143025
-2934 2046363506 -5297354
-329778221 -31212 1504973
98 -8361 -48671
0 2000440305 364168618
-55339647 -8565 -150966
797 6617673 -699614
81271 -444 -8
3
-2450811 178075111 -491
-758321848 -4 2120421237
47 -8639033 30590
-720 -15 2041431520
1
361428 296751 38656498
-471 -668 -1768457
7
721 -613 1016251340
-51 78435737 1
9483 11555 4813530
-45953 167124300 -1303354
-23419 -4679163 9373816
70036 578657500 1030203004
-754017 -866 -344557
-8103292 -74320400 513893
18
-307112967 750543673 -70
-998942080 -208110950 -87625142
-57568633 -39 -88767
7 -404881 1316516
0 -66 -37909976
-48 -10 -70742
-84785926 -87513318 91095
68199622 50442 435
-19914182 -671363338 -2373
2101210422 2154207 1143243203
-83749336 685 -14602741
0 -8983 -16092421
-3 -558115138 -6
7 795831506 -2167
-6 -959217 -5086175
-905956 -69 38
77 127490 -7433
2142082342 2126370347 2266432
-759758454 1602 510
9
26 317699104 530219
9535 100 59916819
38316039 8305253 -102188
-6998157 7281 2100251034
-19537268 5762833 13
66919171 -93818 -27416290
46 299 745825
-1248453 629924854 -877330151
698854739 -59 772
4 1116171113 812
11
-96 -28 1024263634
-421 2145062247 -3790
8 -7356179 72196
2117303046 -9016002 7
-74661 -775 805469
-71541097 80833 671956
-935723332 -109243 -1538
46 7 -4292249
-7819336 -22892 26
-634 -76858091 8
11088 4995849 227211
-816 23873 -48061
2
642587 -13 -241
-8469 9178040 -288
99531533 1024453301 99
